IRT True Score Equating 
                                                                            
 nitem1  =   31 ,   minmax1  =     0 ,   nitem2  =   33 ,   minmax2  =     0
                                 100                                     100
                                                          
 theta  =             NA ,   x1  =     0 ,   x2_1  =     0
                      NA               1                 0
                      NA               2                 0
                      NA               3                 0
                      NA               4                 0
                      NA               5                 0
                      NA               6                 0
                      NA               7                 0
                      NA               8                 0
                      NA               9                 0
                      NA              10                 0
                      NA              11                 0
                      NA              12                 0
            -4.904212932              13                16
            -4.468288912              14                17
            -4.122107315              15                18
            -3.836607487              16                20
            -3.594227716              17                21
            -3.383707406              18                23
            -3.197468363              19                24
            -3.030203723              20                26
            -2.878072039              21                28
            -2.738213452              22                29
            -2.608446339              23                31
            -2.487072831              24                33
            -2.372746526              25                34
            -2.264384574              26                36
            -2.161103385              27                37
            -2.062174648              28                38
            -1.966992525              29                40
            -1.875048993              30                41
            -1.785915590              31                43
            -1.699229368              32                44
            -1.614681914              33                45
            -1.532010631              34                46
            -1.450991694              35                48
            -1.371434245              36                49
            -1.293175521              37                50
            -1.216076676              38                52
            -1.140019146              39                53
            -1.064901445              40                54
            -0.990636317              41                55
            -0.917148185              42                57
            -0.844370896              43                58
            -0.772245718              44                59
            -0.700719568              45                60
            -0.629743497              46                62
            -0.559271432              47                63
            -0.489259141              48                64
            -0.419663437              49                66
            -0.350441585              50                67
            -0.281550925              51                68
            -0.212948698              52                69
            -0.144592092              53                71
            -0.076438460              54                72
            -0.008445741              55                73
             0.059426931              56                74
             0.127218407              57                75
             0.194964608              58                76
             0.262697547              59                77
             0.330444435              60                78
             0.398227025              61                79
             0.466061570              62                80
             0.533960023              63                81
             0.601932856              64                82
             0.669993977              65                83
             0.738168157              66                84
             0.806501549              67                84
             0.875074551              68                85
             0.944015673              69                86
             1.013515537              70                87
             1.083840049              71                87
             1.155342063              72                88
             1.228471085              73                89
             1.303780267              74                89
             1.381932263              75                90
             1.463704097              76                90
             1.549991055              77                91
             1.641810233              78                92
             1.740305812              79                92
             1.846760703              80                93
             1.962623516              81                93
             2.089561023              82                94
             2.229547478              83                95
             2.385006599              84                95
             2.559013195              85                96
             2.755575298              86                96
             2.980025481              87                97
             3.239574536              88                97
             3.544119512              89                98
             3.907489226              90                98
             4.349517700              91                99
             4.899877653              92                99
                      NA              93               100
                      NA              94               100
                      NA              95               100
                      NA              96               100
                      NA              97               100
                      NA              98               100
                      NA              99               100
                      NA             100               100
> # observed score
> res2=oseq( paramP, paramE, weight1=weightP, weight2=weightE, print=2, plot=1
+       , round=1 )

IRT Observed Score Equating 
                                                                            
 nitem1  =   31 ,   minmax1  =     0 ,   nitem2  =   33 ,   minmax2  =     0
                                 100                                     100
mands = 
      mean     std      n       
test1 55.19938 15.87016  1.00000
test2 71.12311 16.10967  1.00000

                              
 x1  =     0 ,   x2_1  =     5
           1                 5
           2                 6
           3                 8
           4                 9
           5                11
           6                12
           7                14
           8                15
           9                17
          10                18
          11                19
          12                20
          13                22
          14                23
          15                24
          16                26
          17                27
          18                28
          19                30
          20                31
          21                32
          22                33
          23                35
          24                36
          25                37
          26                39
          27                40
          28                41
          29                42
          30                44
          31                45
          32                46
          33                47
          34                48
          35                50
          36                51
          37                52
          38                53
          39                54
          40                56
          41                57
          42                58
          43                59
          44                60
          45                62
          46                63
          47                64
          48                65
          49                66
          50                67
          51                69
          52                69
          53                71
          54                72
          55                73
          56                74
          57                75
          58                76
          59                77
          60                78
          61                79
          62                80
          63                81
          64                81
          65                82
          66                83
          67                84
          68                85
          69                85
          70                86
          71                87
          72                88
          73                88
          74                89
          75                90
          76                90
          77                91
          78                92
          79                93
          80                93
          81                94
          82                94
          83                94
          84                96
          85                96
          86                97
          87                97
          88                97
          89                98
          90                99
          91                99
          92                99
          93               100
          94               100
          95               100
          96               100
          97               100
          98               100
          99               100
         100               100