IRT True Score Equating 
                                                                            
 nitem1  =   31 ,   minmax1  =     0 ,   nitem2  =   33 ,   minmax2  =     0
                                 100                                     100
                                                          
 theta  =             NA ,   x1  =     0 ,   x2_1  =     0
                      NA               1                 0
                      NA               2                 0
                      NA               3                 0
                      NA               4                 0
                      NA               5                 0
                      NA               6                 0
            -4.730762574               7                 4
            -4.412637801               8                 5
            -4.145382594               9                 6
            -3.915598776              10                 7
            -3.714305813              11                 9
            -3.535244582              12                10
            -3.373906102              13                12
            -3.226951038              14                13
            -3.091846164              15                15
            -2.966629246              16                17
            -2.849753030              17                18
            -2.739976374              18                20
            -2.636289709              19                22
            -2.537861291              20                23
            -2.443997206              21                25
            -2.354112472              22                27
            -2.267709159              23                29
            -2.184359653              24                30
            -2.103693736              25                32
            -2.025388521              26                34
            -1.949160515              27                35
            -1.874759296              28                37
            -1.801962431              29                38
            -1.730571348              30                40
            -1.660407966              31                41
            -1.591311906              32                43
            -1.523138256              33                44
            -1.455755604              34                46
            -1.389044317              35                47
            -1.322895111              36                49
            -1.257207828              37                50
            -1.191890432              38                52
            -1.126858026              39                53
            -1.062031887              40                55
            -0.997338676              41                56
            -0.932709728              42                57
            -0.868080408              43                59
            -0.803389374              44                60
            -0.738577937              45                61
            -0.673589480              46                63
            -0.608368885              47                64
            -0.542861931              48                65
            -0.477014717              49                67
            -0.410773109              50                68
            -0.344082199              51                69
            -0.276885713              52                70
            -0.209125431              53                71
            -0.140740614              54                72
            -0.071667400              55                74
            -0.001838163              56                75
             0.068819183              57                76
             0.140381939              58                77
             0.212933411              59                78
             0.286563791              60                79
             0.361371151              61                80
             0.437462573              62                80
             0.514955428              63                81
             0.593978844              64                82
             0.674675416              65                83
             0.757203182              66                84
             0.841737958              67                85
             0.928476086              68                85
             1.017637705              69                86
             1.109470668              70                87
             1.204255253              71                88
             1.302309866              72                88
             1.403997979              73                89
             1.509736594              74                90
             1.620006949              75                90
             1.735367860              76                91
             1.856471810              77                92
             1.984086725              78                92
             2.119122593              79                93
             2.262667246              80                93
             2.416032185              81                94
             2.580814818              82                94
             2.758981918              83                95
             2.952984421              84                95
             3.165918307              85                96
             3.401753323              86                96
             3.665668400              87                97
             3.964553150              88                97
             4.307785541              89                98
             4.708479857              90                98
                      NA              91               100
                      NA              92               100
                      NA              93               100
                      NA              94               100
                      NA              95               100
                      NA              96               100
                      NA              97               100
                      NA              98               100
                      NA              99               100
                      NA             100               100

IRT Observed Score Equating 
                                                                            
 nitem1  =   31 ,   minmax1  =     0 ,   nitem2  =   33 ,   minmax2  =     0
                                 100                                     100
mands = 
      mean     std      n       
test1 55.00651 15.62790  1.00000
test2 71.44981 16.54202  1.00000

                              
 x1  =     0 ,   x2_1  =     1
           1                 1
           2                 2
           3                 4
           4                 5
           5                 6
           6                 8
           7                 9
           8                10
           9                12
          10                14
          11                15
          12                16
          13                18
          14                19
          15                21
          16                23
          17                24
          18                26
          19                27
          20                28
          21                30
          22                31
          23                33
          24                34
          25                36
          26                37
          27                39
          28                40
          29                42
          30                43
          31                44
          32                46
          33                47
          34                48
          35                50
          36                51
          37                53
          38                54
          39                55
          40                56
          41                58
          42                59
          43                60
          44                61
          45                63
          46                64
          47                65
          48                66
          49                67
          50                68
          51                69
          52                70
          53                72
          54                73
          55                74
          56                75
          57                76
          58                76
          59                77
          60                78
          61                79
          62                80
          63                81
          64                82
          65                83
          66                84
          67                84
          68                85
          69                86
          70                87
          71                87
          72                88
          73                89
          74                90
          75                90
          76                91
          77                91
          78                93
          79                93
          80                94
          81                94
          82                94
          83                95
          84                96
          85                97
          86                97
          87                97
          88                98
          89                99
          90                99
          91               100
          92               100
          93               100
          94               100
          95               100
          96               100
          97               100
          98               100
          99               100
         100               100