comment                                                                         
                                                                                
   1  64
  64
E01     CIVICS     0.23779   0.00523   0.43250   0.00664  -0.54980   0.01563   0.39696   0.00609   0.00000   0.00000   0.00000   0.00000             110
E02     CIVICS     1.61444   0.01204   0.73044   0.01299  -2.21024   0.03206   0.58984   0.01049   0.00000   0.00000   0.00000   0.00000             210
E03     CIVICS     0.41284   0.00587   0.70653   0.00838  -0.58432   0.01025   0.57704   0.00684   0.00000   0.00000   0.00000   0.00000             310
E04     CIVICS     2.19649   0.01792   0.80748   0.01601  -2.72016   0.04305   0.62824   0.01246   0.00000   0.00000   0.00000   0.00000             410
E05     CIVICS     0.63851   0.01178   0.69468   0.01452  -0.91915   0.01863   0.57052   0.01192   0.00000   0.00000   0.00000   0.00000             510
E06     CIVICS    -0.04203   0.00878   0.36011   0.01038   0.11671   0.02445   0.33881   0.00977   0.00000   0.00000   0.00000   0.00000             610
E07     CIVICS    -0.18597   0.00932   0.52267   0.01157   0.35581   0.01872   0.46321   0.01025   0.00000   0.00000   0.00000   0.00000             710
E08     CIVICS     1.68185   0.02201   0.81431   0.02072  -2.06538   0.03861   0.63144   0.01607   0.00000   0.00000   0.00000   0.00000             810
E09     CIVICS     0.92101   0.00712   0.62606   0.00903  -1.47112   0.02054   0.53064   0.00765   0.00000   0.00000   0.00000   0.00000             910
E10     CIVICS     0.63895   0.00649   0.77343   0.00924  -0.82612   0.01131   0.61180   0.00731   0.00000   0.00000   0.00000   0.00000            1010
E11     CIVICS     1.14689   0.01789   0.91578   0.01982  -1.25236   0.01860   0.67537   0.01462   0.00000   0.00000   0.00000   0.00000            1110
E12     CIVICS     0.81838   0.00798   0.99324   0.01146  -0.82395   0.00896   0.70470   0.00813   0.00000   0.00000   0.00000   0.00000            1210
E13     CIVICS     0.32391   0.00954   0.46936   0.01146  -0.69011   0.02299   0.42488   0.01037   0.00000   0.00000   0.00000   0.00000            1310
E14     CIVICS    -0.27397   0.00524   0.25602   0.00581   1.07011   0.02546   0.24802   0.00563   0.00000   0.00000   0.00000   0.00000            1410
E15     CIVICS     0.52414   0.01227   0.88837   0.01679  -0.59001   0.01277   0.66415   0.01255   0.00000   0.00000   0.00000   0.00000            1510
E16     CIVICS     1.82173   0.02575   1.00371   0.02390  -1.81500   0.02825   0.70841   0.01687   0.00000   0.00000   0.00000   0.00000            1610
E17     CIVICS     0.62163   0.01115   0.65005   0.01395  -0.95627   0.02099   0.54502   0.01170   0.00000   0.00000   0.00000   0.00000            1710
E18     CIVICS    -0.23569   0.00515   0.20739   0.00567   1.13649   0.03228   0.20307   0.00555   0.00000   0.00000   0.00000   0.00000            1810
E19     CIVICS     1.77352   0.01298   0.84193   0.01302  -2.10650   0.02655   0.64406   0.00996   0.00000   0.00000   0.00000   0.00000            1910
E20     CIVICS     0.68666   0.00660   0.75598   0.00929  -0.90831   0.01217   0.60305   0.00741   0.00000   0.00000   0.00000   0.00000            2010
E21     CIVICS     1.17523   0.01817   0.95782   0.02056  -1.22698   0.01807   0.69171   0.01485   0.00000   0.00000   0.00000   0.00000            2110
E22     CIVICS    -0.00012   0.00879   0.37055   0.01023   0.00033   0.02372   0.34747   0.00959   0.00000   0.00000   0.00000   0.00000            2210
E23     CIVICS     1.21297   0.01473   0.54119   0.01514  -2.24132   0.05429   0.47596   0.01331   0.00000   0.00000   0.00000   0.00000            2310
E24     CIVICS     1.18312   0.00801   0.54214   0.00933  -2.18231   0.03575   0.47661   0.00820   0.00000   0.00000   0.00000   0.00000            2410
E25     CIVICS    -0.38902   0.00994   0.60602   0.01203   0.64191   0.01909   0.51828   0.01029   0.00000   0.00000   0.00000   0.00000            2510
E26     CIVICS     0.29431   0.00892   0.29922   0.01037  -0.98360   0.04266   0.28666   0.00993   0.00000   0.00000   0.00000   0.00000            2610
E27     CIVICS     1.50931   0.01884   0.68903   0.01818  -2.19048   0.04567   0.56738   0.01497   0.00000   0.00000   0.00000   0.00000            2710
E28     CIVICS     0.27855   0.00531   0.45992   0.00691  -0.60564   0.01552   0.41785   0.00627   0.00000   0.00000   0.00000   0.00000            2810
E29     CIVICS     3.46176   0.07524   1.28761   0.04768  -2.68852   0.05550   0.78979   0.02925   0.00000   0.00000   0.00000   0.00000            2910
E30     CIVICS     1.92834   0.01456   0.82211   0.01404  -2.34559   0.03237   0.63506   0.01085   0.00000   0.00000   0.00000   0.00000            3010
E31     CIVICS     1.94266   0.02702   0.91987   0.02389  -2.11190   0.03760   0.67700   0.01758   0.00000   0.00000   0.00000   0.00000            3110
E32     CIVICS     0.52882   0.00614   0.72087   0.00865  -0.73358   0.01096   0.58477   0.00702   0.00000   0.00000   0.00000   0.00000            3210
E33     CIVICS     0.64100   0.00579   0.40973   0.00715  -1.56442   0.03070   0.37914   0.00662   0.00000   0.00000   0.00000   0.00000            3310
P01     CIVICS    -0.44050   0.00654   0.09778   0.00750   4.50502   0.37723   0.09732   0.00747   0.00000   0.00000   0.00000   0.00000            3410
P02     CIVICS    -0.04191   0.00677   0.52996   0.00935   0.07908   0.01341   0.46827   0.00827   0.00000   0.00000   0.00000   0.00000            3510
P03     CIVICS     0.58436   0.00808   0.50249   0.00936  -1.16291   0.01675   0.44899   0.00836   0.00000   0.00000   0.00000   0.00000            3610
P04     CIVICS    -0.19742   0.00634   0.17828   0.00741   1.10733   0.06918   0.17551   0.00729   0.00000   0.00000   0.00000   0.00000            3710
P05     CIVICS    -0.21658   0.00660   0.45879   0.00891   0.47208   0.01963   0.41700   0.00810   0.00000   0.00000   0.00000   0.00000            3810
P06     CIVICS    -0.33397   0.00643   0.22632   0.00794   1.47563   0.06777   0.22074   0.00774   0.00000   0.00000   0.00000   0.00000            3910
P07     CIVICS    -0.10769   0.00620   0.12865   0.00735   0.83707   0.08112   0.12760   0.00729   0.00000   0.00000   0.00000   0.00000            4010
P08     CIVICS    -0.89932   0.00517   0.01667   0.00312  53.93802  10.08640   0.01667   0.00311   0.00000   0.00000   0.00000   0.00000            4110
P09     CIVICS     0.10264   0.00418   0.35511   0.00518  -0.28905   0.01225   0.33464   0.00488   0.00000   0.00000   0.00000   0.00000            4210
P10     CIVICS     0.01770   0.00417   0.35881   0.00519  -0.04933   0.01162   0.33772   0.00489   0.00000   0.00000   0.00000   0.00000            4310
P11     CIVICS     0.54930   0.00833   0.64350   0.01023  -0.85361   0.01111   0.54114   0.00860   0.00000   0.00000   0.00000   0.00000            4410
P12     CIVICS     0.43655   0.00436   0.26005   0.00503  -1.67870   0.03435   0.25168   0.00487   0.00000   0.00000   0.00000   0.00000            4510
P13     CIVICS     0.35987   0.00469   0.54827   0.00613  -0.65637   0.00965   0.48075   0.00538   0.00000   0.00000   0.00000   0.00000            4610
P14     CIVICS     0.04919   0.00679   0.47466   0.00895  -0.10364   0.01347   0.42881   0.00808   0.00000   0.00000   0.00000   0.00000            4710
P15     CIVICS    -0.27225   0.00414   0.19988   0.00478   1.36212   0.03745   0.19600   0.00469   0.00000   0.00000   0.00000   0.00000            4810
P16     CIVICS     0.66288   0.00544   0.57920   0.00675  -1.14449   0.01234   0.50120   0.00584   0.00000   0.00000   0.00000   0.00000            4910
P17     CIVICS     0.24523   0.00427   0.36050   0.00524  -0.68025   0.01440   0.33913   0.00493   0.00000   0.00000   0.00000   0.00000            5010
P18     CIVICS    -0.47700   0.00491   0.62358   0.00630   0.76494   0.00961   0.52913   0.00535   0.00000   0.00000   0.00000   0.00000            5110
P19     CIVICS    -0.30675   0.00425   0.28733   0.00512   1.06761   0.02248   0.27615   0.00492   0.00000   0.00000   0.00000   0.00000            5210
P20     CIVICS    -0.36648   0.00666   0.45196   0.00912   0.81086   0.02498   0.41185   0.00832   0.00000   0.00000   0.00000   0.00000            5310
P21     CIVICS     0.01833   0.00710   0.65666   0.01023  -0.02791   0.01061   0.54889   0.00855   0.00000   0.00000   0.00000   0.00000            5410
P22     CIVICS     0.17502   0.00406   0.18755   0.00471  -0.93318   0.03110   0.18434   0.00463   0.00000   0.00000   0.00000   0.00000            5510
P23     CIVICS     0.02107   0.00433   0.48595   0.00563  -0.04336   0.00889   0.43708   0.00506   0.00000   0.00000   0.00000   0.00000            5610
P24     CIVICS     1.19332   0.00754   0.64539   0.00815  -1.84898   0.01856   0.54227   0.00685   0.00000   0.00000   0.00000   0.00000            5710
P25     CIVICS    -0.25323   0.00656   0.42699   0.00880   0.59306   0.02272   0.39269   0.00809   0.00000   0.00000   0.00000   0.00000            5810
P26     CIVICS     1.14839   0.01201   0.67430   0.01219  -1.70307   0.01994   0.55908   0.01011   0.00000   0.00000   0.00000   0.00000            5910
P27     CIVICS     0.68788   0.00533   0.53449   0.00656  -1.28697   0.01476   0.47138   0.00578   0.00000   0.00000   0.00000   0.00000            6010
P28     CIVICS     1.46907   0.01532   0.92224   0.01480  -1.59294   0.01457   0.67795   0.01088   0.00000   0.00000   0.00000   0.00000            6110
P29     CIVICS     0.30660   0.00427   0.30445   0.00513  -1.00708   0.02042   0.29125   0.00491   0.00000   0.00000   0.00000   0.00000            6210
P30     CIVICS     1.16779   0.00702   0.58163   0.00748  -2.00781   0.02172   0.50277   0.00646   0.00000   0.00000   0.00000   0.00000            6310
P31     CIVICS     1.25199   0.00776   0.65231   0.00824  -1.91931   0.01930   0.54635   0.00690   0.00000   0.00000   0.00000   0.00000            6410
