comment                                                                         
                                                                                
   1  64
  64
E01     CIVICS    -0.14069   0.03860   0.59758   0.02114   0.23543   0.05720   0.51297   0.01815   0.24776   0.01804   0.00000   0.00000             110
E02     CIVICS     1.29673   0.04754   0.80202   0.02414  -1.61683   0.09815   0.62566   0.01883   0.36131   0.04313   0.00000   0.00000             210
E03     CIVICS     0.08725   0.02373   0.94979   0.02158  -0.09186   0.02670   0.68867   0.01564   0.21614   0.01200   0.00000   0.00000             310
E04     CIVICS     2.16719   0.01741   0.76310   0.01484  -2.83999   0.04515   0.60664   0.01179   0.00034   0.00240   0.00000   0.00000             410
E05     CIVICS     0.23447   0.03698   1.00045   0.03954  -0.23437   0.04397   0.70726   0.02795   0.29411   0.01813   0.00000   0.00000             510
E06     CIVICS    -0.05253   0.01357   0.35376   0.01075   0.14849   0.03726   0.33351   0.01014   0.00110   0.00766   0.00000   0.00000             610
E07     CIVICS    -0.41977   0.04061   0.65427   0.02917   0.64158   0.03997   0.54750   0.02441   0.10232   0.01503   0.00000   0.00000             710
E08     CIVICS     1.63481   0.02090   0.75086   0.01871  -2.17727   0.04177   0.60044   0.01496   0.00031   0.00222   0.00000   0.00000             810
E09     CIVICS     0.70352   0.03448   0.70609   0.01872  -0.99637   0.07121   0.57679   0.01529   0.22108   0.03028   0.00000   0.00000             910
E10     CIVICS     0.48687   0.02081   0.86465   0.01733  -0.56309   0.03305   0.65406   0.01311   0.12558   0.01644   0.00000   0.00000            1010
E11     CIVICS     0.78370   0.03292   1.33432   0.05092  -0.58734   0.03829   0.80021   0.03053   0.35399   0.01853   0.00000   0.00000            1110
E12     CIVICS     0.47393   0.01978   1.44595   0.03153  -0.32777   0.01880   0.82247   0.01793   0.26691   0.01043   0.00000   0.00000            1210
E13     CIVICS    -0.39068   0.05452   0.93678   0.04719   0.41704   0.04144   0.68366   0.03444   0.36534   0.01364   0.00000   0.00000            1310
E14     CIVICS    -1.09096   0.06264   0.60764   0.03440   1.79540   0.03097   0.51929   0.02940   0.26120   0.00934   0.00000   0.00000            1410
E15     CIVICS     0.10816   0.03226   1.42030   0.05316  -0.07616   0.02470   0.81766   0.03060   0.24445   0.01229   0.00000   0.00000            1510
E16     CIVICS     1.76191   0.02413   0.92931   0.02166  -1.89593   0.03082   0.68074   0.01587   0.00028   0.00199   0.00000   0.00000            1610
E17     CIVICS     0.59379   0.01419   0.62445   0.01418  -0.95090   0.03130   0.52966   0.01203   0.00151   0.01023   0.00000   0.00000            1710
E18     CIVICS    -0.94290   0.07439   0.45520   0.03441   2.07143   0.04731   0.41429   0.03131   0.26129   0.01407   0.00000   0.00000            1810
E19     CIVICS     1.75047   0.01262   0.81491   0.01239  -2.14805   0.02750   0.63172   0.00961   0.00011   0.00080   0.00000   0.00000            1910
E20     CIVICS     0.53447   0.02246   0.84144   0.01781  -0.63519   0.03759   0.64384   0.01363   0.13104   0.01857   0.00000   0.00000            2010
E21     CIVICS     0.93369   0.03060   1.13925   0.04164  -0.81956   0.04601   0.75154   0.02747   0.23881   0.02432   0.00000   0.00000            2110
E22     CIVICS    -0.47872   0.06053   0.59729   0.03693   0.80149   0.06074   0.51278   0.03171   0.23661   0.01903   0.00000   0.00000            2210
E23     CIVICS     1.19242   0.01442   0.51233   0.01409  -2.32746   0.05720   0.45597   0.01254   0.00036   0.00254   0.00000   0.00000            2310
E24     CIVICS     1.17407   0.00800   0.53643   0.00910  -2.18868   0.03603   0.47271   0.00802   0.00021   0.00151   0.00000   0.00000            2410
E25     CIVICS    -1.08893   0.05576   1.20245   0.05264   0.90559   0.01824   0.76886   0.03366   0.15112   0.00693   0.00000   0.00000            2510
E26     CIVICS    -0.12060   0.08853   0.41938   0.03707   0.28758   0.18822   0.38674   0.03418   0.28965   0.04253   0.00000   0.00000            2610
E27     CIVICS     1.47748   0.01814   0.64433   0.01660  -2.29306   0.04855   0.54163   0.01396   0.00036   0.00255   0.00000   0.00000            2710
E28     CIVICS     0.26834   0.01703   0.46857   0.00901  -0.57266   0.04417   0.42430   0.00815   0.00233   0.01516   0.00000   0.00000            2810
E29     CIVICS     3.32462   0.06988   1.11192   0.03970  -2.98998   0.06218   0.74354   0.02654   0.00062   0.00437   0.00000   0.00000            2910
E30     CIVICS     1.90295   0.01414   0.78757   0.01323  -2.41622   0.03373   0.61872   0.01040   0.00016   0.00114   0.00000   0.00000            3010
E31     CIVICS     1.88826   0.02547   0.84550   0.02137  -2.23331   0.04073   0.64565   0.01632   0.00031   0.00218   0.00000   0.00000            3110
E32     CIVICS     0.13172   0.02469   1.02979   0.02391  -0.12791   0.02639   0.71741   0.01666   0.27076   0.01179   0.00000   0.00000            3210
E33     CIVICS     0.63519   0.00584   0.41130   0.00714  -1.54436   0.03072   0.38038   0.00660   0.00012   0.00084   0.00000   0.00000            3310
P01     CIVICS    -0.44506   0.03141   0.09592   0.00804   4.64000   0.41641   0.09548   0.00801   0.00239   0.01650   0.00000   0.00000            3410
P02     CIVICS    -0.22175   0.02838   0.65993   0.02694   0.33603   0.03264   0.55080   0.02249   0.10698   0.01358   0.00000   0.00000            3510
P03     CIVICS     0.50127   0.04392   0.52161   0.02380  -0.96099   0.12357   0.46248   0.02110   0.08759   0.04504   0.00000   0.00000            3610
P04     CIVICS    -2.33391   0.17620   1.96748   0.16407   1.18625   0.02278   0.89146   0.07434   0.34694   0.00335   0.00000   0.00000            3710
P05     CIVICS    -0.52466   0.03286   0.69395   0.03114   0.75604   0.02555   0.57012   0.02559   0.13912   0.01013   0.00000   0.00000            3810
P06     CIVICS    -0.50906   0.09235   0.28372   0.03626   1.79425   0.12776   0.27295   0.03488   0.08983   0.03971   0.00000   0.00000            3910
P07     CIVICS    -0.10828   0.00767   0.12632   0.00714   0.85714   0.08795   0.12533   0.00709   0.00049   0.00348   0.00000   0.00000            4010
P08     CIVICS    -0.89943   0.00518   0.01679   0.00313  53.57667   9.99106   0.01679   0.00313   0.00001   0.00006   0.00000   0.00000            4110
P09     CIVICS     0.10243   0.00546   0.35288   0.00525  -0.29028   0.01646   0.33277   0.00496   0.00043   0.00302   0.00000   0.00000            4210
P10     CIVICS     0.01784   0.00458   0.35871   0.00521  -0.04975   0.01282   0.33765   0.00490   0.00022   0.00152   0.00000   0.00000            4310
P11     CIVICS     0.50716   0.02705   0.64177   0.02165  -0.79025   0.06458   0.54011   0.01822   0.03725   0.02827   0.00000   0.00000            4410
P12     CIVICS     0.43729   0.00443   0.26021   0.00499  -1.68051   0.03439   0.25183   0.00482   0.00012   0.00087   0.00000   0.00000            4510
P13     CIVICS     0.15290   0.02351   0.65901   0.01606  -0.23202   0.04054   0.55026   0.01341   0.16534   0.01512   0.00000   0.00000            4610
P14     CIVICS    -0.27502   0.03221   0.71597   0.03196   0.38413   0.03216   0.58215   0.02599   0.19061   0.01275   0.00000   0.00000            4710
P15     CIVICS    -0.38476   0.08761   0.22795   0.02281   1.68791   0.22399   0.22225   0.02224   0.06529   0.04542   0.00000   0.00000            4810
P16     CIVICS     0.29636   0.02431   0.79427   0.01969  -0.37312   0.03837   0.62196   0.01542   0.31050   0.01380   0.00000   0.00000            4910
P17     CIVICS     0.24499   0.00545   0.35927   0.00529  -0.68191   0.01837   0.33811   0.00498   0.00046   0.00326   0.00000   0.00000            5010
P18     CIVICS    -0.84079   0.02085   0.93556   0.01924   0.89870   0.01022   0.68319   0.01405   0.09662   0.00389   0.00000   0.00000            5110
P19     CIVICS    -0.30590   0.00431   0.28757   0.00513   1.06374   0.02246   0.27637   0.00493   0.00006   0.00042   0.00000   0.00000            5210
P20     CIVICS    -0.65013   0.03405   0.66584   0.03124   0.97641   0.02576   0.55423   0.02600   0.10999   0.00932   0.00000   0.00000            5310
P21     CIVICS    -0.15632   0.02135   0.82877   0.02665   0.18862   0.02170   0.63811   0.02052   0.10360   0.00978   0.00000   0.00000            5410
P22     CIVICS     0.17552   0.00446   0.18779   0.00469  -0.93464   0.03295   0.18457   0.00461   0.00025   0.00176   0.00000   0.00000            5510
P23     CIVICS    -0.39131   0.02480   0.74997   0.01949   0.52176   0.02206   0.59999   0.01559   0.21031   0.00818   0.00000   0.00000            5610
P24     CIVICS     1.18687   0.00749   0.62912   0.00786  -1.88654   0.01928   0.53251   0.00665   0.00025   0.00177   0.00000   0.00000            5710
P25     CIVICS    -0.55486   0.03574   0.63826   0.03144   0.86933   0.02850   0.53801   0.02650   0.13430   0.01108   0.00000   0.00000            5810
P26     CIVICS     1.07728   0.04296   0.68031   0.02654  -1.58352   0.11671   0.56248   0.02194   0.09155   0.05812   0.00000   0.00000            5910
P27     CIVICS     0.68492   0.00566   0.52666   0.00645  -1.30048   0.01608   0.46599   0.00571   0.00035   0.00248   0.00000   0.00000            6010
P28     CIVICS     1.46923   0.01499   0.90150   0.01420  -1.62975   0.01505   0.66958   0.01055   0.00012   0.00088   0.00000   0.00000            6110
P29     CIVICS     0.30674   0.00482   0.30262   0.00510  -1.01362   0.02249   0.28965   0.00488   0.00032   0.00229   0.00000   0.00000            6210
P30     CIVICS     1.16797   0.00694   0.57640   0.00723  -2.02632   0.02174   0.49938   0.00627   0.00008   0.00055   0.00000   0.00000            6310
P31     CIVICS     1.24967   0.00764   0.64227   0.00794  -1.94571   0.01954   0.54041   0.00668   0.00010   0.00072   0.00000   0.00000            6410
